# Region - RG [kpc] - RG error - O/H - O/H error
IC5146 8.29 0.10 8.57 0.09
M8 7.04 0.20 8.48 0.04
M16 6.58 0.28 8.57 0.05
M17 6.46 0.26 8.54 0.03
M20 6.64 0.31 8.55 0.05
M42 8.54 0.11 8.51 0.03
NGC2579 12.4 0.5 8.42 0.05
NGC3576 7.64 0.3 8.54 0.03
NGC3603 8.6 0.4 8.47 0.04
Sh2-61 6.15 0.39 8.41 0.15
Sh2-83 15.3 0.1 8.28 0.08
Sh2-90 7.4 0.3 8.51 0.08
Sh2-100 9.4 0.3 8.49 0.04
Sh2-127 14.2 1.0 8.27 0.04
Sh2-128 12.5 0.4 8.22 0.05
Sh2-132 9.94 0.43 8.37 0.16
Sh2-152 10.3 1.0 8.53 0.03
Sh2-156 9.40 0.27 8.34 0.11
Sh2-175 9.45 0.19 8.51 0.15
Sh2-209 17.0 0.7 8.08 0.23
Sh2-212 14.6 1.4 8.30 0.23
Sh2-219 11.87 0.73 8.28 0.12
Sh2-235 9.84 0.22 8.42 0.07
Sh2-237 10.35 0.45 8.34 0.09
Sh2-257 10.53 0.52 8.40 0.10
Sh2-266 14.5 1.4 8.19 0.17
Sh2-270 16.1 1.4 8.09 0.30
Sh2-271 11.71 0.66 8.27 0.08
Sh2-285 11.57 0.79 8.21 0.11
Sh2-288 14.1 0.4 8.34 0.08
Sh2-297 8.97  0.16 8.48 0.08
Sh2-298 11.56 0.87 8.43 0.06
Sh2-311 11.22 0.22 8.41 0.04