# (0) Star, (1) [Fe/H], (2) log(Fe I), (3) σ, (4) (N), (5) log(Fe II), (6) σ, (7) (N), 
# (8) [C/Fe], (9) σ, (10) [Mg/Fe], (11) σ, (12) (N), (13) [Ca/Fe], (14) σ, (15) (N), (16) [Sr/Fe], 
# (17) σ, (18) (N), (19) [Ba/Fe], (20) σ, (21) (N) 
134.3232 -2.63 4.87 0.04 (17) 4.63 0.09 (3) +1.17 0.24 +0.19 0.08 (2) -50 -50 (-50) +0.03 0.12 (1) -50 -50 (-50)
180.0090 -0.18 7.32 0.01 (47) 7.30 0.04 (10) -0.47 0.19 +0.17 0.12 (1) +0.14 0.08 (2) -50 -50 (-50) -0.05 0.09 (4)
180.2206 -2.96 4.54 0.02 (34) 4.58 0.04 (7) +0.86 0.22 +0.40 0.09 (2) +0.25 0.09 (2) -2.05 0.00 (1) -1.26 0.12 (1)
180.3790 -0.74 6.76 0.02 (95) 6.78 0.02 (16) +0.02 0.20 +0.22 0.04 (4) +0.16 0.02 (15) -0.19 0.08 (1) +0.05 0.06 (4)
180.7918 -0.08 7.42 0.03 (32) 7.40 0.04 (15) -0.08 0.20 +0.18 0.12 (1) -0.05 0.07 (3) -50 -50 (-50) +0.18 0.09 (3)
180.9118 -0.49 7.01 0.03 (100) 7.04 0.03 (20) -0.30 0.25 +0.14 0.06 (3) +0.11 0.04 (11) +0.20 0.10 (1) +0.13 0.06 (4)
181.2243 -2.92 4.58 0.14 (3) 4.37 0.14 (3) +2.07 0.00 +0.71 0.17 (2) +1.00 0.00 (4) -50 -50 (-50) +0.71 0.24 (1)
181.3119 -1.84 5.66 0.01 (80) 5.67 0.04 (7) -0.07 0.21 +0.34 0.07 (1) +0.38 0.02 (15) -0.19 0.07 (1) -0.08 0.05 (3)
181.3473 -0.49 7.01 0.01 (94) 7.03 0.02 (18) +0.25 0.21 +0.11 0.08 (1) +0.07 0.02 (18) -0.06 0.08 (1) +0.08 0.05 (3)
181.4395 -2.50 5.00 0.02 (70) 5.04 0.06 (10) -0.12 0.00 +0.58 0.07 (4) +0.35 0.04 (7) -0.09 0.16 (1) -0.79 0.06 (3)
181.6954 -0.80 6.70 0.03 (102) 6.75 0.04 (11) -0.03 0.20 +0.25 0.07 (2) +0.29 0.03 (14) -50 -50 (-50) +0.03 0.05 (4)
182.1670 -0.35 7.15 0.01 (58) 7.20 0.03 (17) +0.11 0.20 +0.15 0.08 (1) +0.15 0.03 (9) +0.24 0.08 (1) +0.17 0.07 (3)
182.5364 -1.74 5.76 0.03 (53) 5.78 0.04 (10) +1.06 0.00 +0.24 0.08 (4) +0.12 0.06 (3) +0.81 0.10 (1) +0.07 0.07 (2)
182.8521 -1.79 5.71 0.02 (88) 5.81 0.03 (13) -0.35 0.20 +0.26 0.06 (4) +0.20 0.03 (14) +0.37 0.11 (1) +0.26 0.07 (3)
183.6850 -3.16 4.34 0.05 (2) -50 -50 (-50) +2.30 0.00 +0.01 0.05 (2) -50 -50 (-50) -50 -50 (-50) -50 -50 (-50)
185.4112 -1.85 5.65 0.02 (39) 5.71 0.04 (4) +0.85 0.22 +0.16 0.06 (2) +0.42 0.03 (9) +0.24 0.09 (1) +0.05 0.12 (2)
187.8517 -0.45 7.05 0.01 (100) 7.13 0.01 (22) -0.08 0.20 +0.05 0.07 (1) +0.14 0.02 (13) -0.19 0.07 (1) +0.03 0.05 (3)
187.9786 -0.50 7.00 0.01 (73) 6.99 0.03 (15) -0.02 0.20 +0.30 0.07 (2) +0.13 0.03 (16) -50 -50 (-50) +0.02 0.05 (4)
188.1264 -1.05 6.45 0.02 (112) 6.50 0.04 (15) +0.24 0.20 +0.18 0.14 (1) +0.21 0.04 (10) -0.25 0.14 (1) -0.46 0.10 (2)
189.9449 -2.57 4.93 0.05 (8) 4.87 0.10 (4) +1.44 0.00 +0.20 0.14 (1) +0.46 0.09 (3) -50 -50 (-50) -0.03 0.00 (1)
190.2669 -0.34 7.16 0.03 (88) 7.21 0.03 (23) +0.09 0.20 +0.26 0.10 (1) +0.08 0.04 (10) -50 -50 (-50) +0.28 0.06 (3)
190.5813 -0.20 7.30 0.01 (79) 7.31 0.02 (20) +0.41 0.20- 0.10 0.06 (3) +0.12 0.03 (13) +0.09 0.09 (1) -0.02 0.05 (4)
190.6313 -0.24 7.26 0.02 (67) 7.30 0.03 (20) +0.15 0.19 +0.16 0.08 (1) +0.06 0.03 (12) -50 -50 (-50) -0.01 0.05 (3)
192.2121 +0.25 7.75 0.02 (44) 7.71 0.03 (17) -0.02 0.18 -0.31 0.05 (2) -0.00 0.03 (6) -0.80 0.07 (1) +0.11 0.09 (3)
192.4285 -0.49 7.01 0.01 (65) 7.11 0.03 (15) +0.32 0.19 +0.09 0.07 (1) +0.07 0.03 (11) -50 -50 (-50) +1.06 0.05 (3)
192.8540 -0.20 7.30 0.01 (82) 7.31 0.01 (22) +0.10 0.20- 0.01 0.04 (3) +0.15 0.03 (6) -0.23 0.07 (1) +0.12 0.05 (4)
192.9068 -0.35 7.15 0.02 (78) 7.17 0.02 (18) +0.12 0.20- 0.01 0.05 (3) +0.13 0.04 (7) +0.17 0.09 (1) -0.03 0.07 (4)
193.1159 -1.85 5.65 0.03 (52) 5.60 0.05 (7) +0.82 0.22 +0.37 0.07 (3) +0.27 0.07 (4) +0.35 0.12 (1) -0.02 0.12 (1)
193.1501 -0.31 7.19 0.01 (91) 7.34 0.03 (20) -0.03 0.20- 0.08 0.07 (2) +0.10 0.03 (13) -50 -50 (-50) +0.15 0.05 (4)
193.5542 -0.30 7.20 0.01 (72) 7.19 0.02 (18) -0.04 0.20 +0.03 0.05 (2) +0.20 0.02 (10) +0.31 0.07 (1) +0.12 0.05 (4)
193.8390 -2.91 4.59 0.01 (64) 4.64 0.04 (10) +0.00 0.25 +0.49 0.06 (3) +0.25 0.04 (4) +0.40 0.10 (1) -2.00 0.00 (1)
196.3755 -2.77 4.73 0.02 (47) 4.74 0.04 (4) +0.60 0.24 +0.35 0.04 (3) +0.36 0.04 (3) -50 -50 (-50) - 0.63 0.05 (3)
196.4126 -0.44 7.06 0.01 (81) 7.01 0.02 (18) +0.26 0.20 +0.24 0.05 (3) +0.21 0.03 (11) -0.15 0.09 (1) -0.25 0.08 (3)
196.5323 -2.55 4.95 0.04 (24) 4.74 0.14 (3) -50 -50 +0.03 0.10 (3) +0.27 0.17 (1) +0.50 0.17 (1) -0.04 0.00 (1)
196.5453 -2.51 4.99 0.03 (18) 5.08 0.06 (6) +0.84 0.00 +0.43 0.10 (2) +0.45 0.06 (5) +0.41 0.14 (1) -0.45 0.00 (1)
196.6013 -0.69 6.81 0.01 (76) 6.85 0.03 (10) +0.16 0.20 +0.34 0.09 (1) +0.12 0.03 (8) -0.04 0.09 (1) +0.06 0.07 (2)
197.5045 -0.80 6.70 0.02 (105) 6.67 0.03 (17) +0.37 0.21 +0.11 0.07 (2) +0.22 0.03 (15) +0.07 0.09 (1) +0.06 0.06 (4)
197.9861 -1.22 6.28 0.03 (72) 6.30 0.07 (14) +0.67 0.00 +0.42 0.14 (1) +0.45 0.06 (7) -50 -50 (-50) -50 -50 (-50)
198.5288 -0.59 6.91 0.02 (91) 6.88 0.03 (19) +0.29 0.23 +0.12 0.05 (3) +0.00 0.03 (12) -0.55 0.08 (1) +0.31 0.05 (3)
198.5495 -2.20 5.30 0.03 (33) 5.23 0.04 (6) +1.12 0.00 +0.36 0.09 (2) +0.24 0.00 (4) +1.06 0.07 (2) -0.35 0.00 (1)
199.9269 -0.15 7.35 0.01 (56) 7.47 0.02 (19) +0.11 0.19- 0.01 0.07 (1) +0.12 0.03 (7) -50 -50 (-50) +0.14 0.05 (3)
200.0999 -2.48 5.02 0.04 (57) 5.27 0.07 (8) +0.39 0.00 +0.26 0.14 (1) +0.32 0.09 (3) -50 -50 (-50) +0.42 0.14 (1)
200.5298 -1.02 6.48 0.03 (98) 6.49 0.03 (12) -0.05 0.19 +0.42 0.08 (2) +0.38 0.04 (11) -50 -50 (-50) +0.69 0.07 (3)
200.7620 -0.15 7.35 0.02 (63) 7.31 0.03 (15) +0.14 0.20- 0.04 0.10 (1) +0.13 0.04 (8) -50 -50 (-50) +0.12 0.10 (4)
201.1159 -0.19 7.31 0.02 (63) 7.19 0.02 (18) -0.01 0.20 +0.06 0.09 (1) +0.10 0.03 (11) -0.02 0.09 (1) -0.04 0.05 (4)
203.2831 -2.70 4.80 0.03 (54) 4.79 0.04 (9) +0.35 0.23 +0.20 0.08 (4) +0.28 0.04 (7) -50 -50 (-50) - 0.65 0.07 (3)
204.9008 -2.66 4.84 0.12 (4) 4.83 0.17 (2) +2.25 0.00 +0.32 0.14 (3) -50 -50 (-50) -0.49 0.00 (1) -50 -50 (-50)
205.1342 -2.12 5.38 0.03 (66) 5.56 0.05 (6) -0.01 0.25 +0.17 0.07 (4) +0.30 0.05 (5) +0.85 0.12 (1) +1.30 0.10 (3)
205.8132 -2.13 5.37 0.04 (19) 5.39 0.07 (6) +1.43 0.00 +0.43 0.11 (2) -50 -50 (-50) +1.03 0.15 (1) +0.13 0.00 (1)
206.3487 -1.80 5.70 0.02 (31) 5.79 0.04 (9) +1.17 0.00 -50 -50 (-50) +0.43 0.04 (10) -0.11 0.10 (1) -0.38 0.08 (1)
207.9961 -0.49 7.01 0.01 (71) 7.09 0.02 (17) -0.03 0.19 +0.27 0.08 (1) +0.22 0.03 (10) -0.22 0.08 (1) -0.10 0.05 (4)
208.0799 -2.77 4.73 0.03 (29) 4.80 0.05 (6) +0.59 0.00 +0.26 0.07 (2) +0.39 0.00 (5) -50 -50 (-50) -0.10 0.00 (1)
209.2123 -1.90 5.60 0.03 (71) 5.56 0.04 (9) +0.29 0.25 +0.30 0.04 (5) +0.39 0.04 (8) +0.69 0.10 (1) -0.36 0.06 (3)
209.7189 -1.98 5.52 0.03 (22) 5.56 0.06 (5) +0.72 0.00 +0.06 0.10 (2) +0.20 0.07 (4) +0.88 0.14 (1) -0.18 0.00 (3)
209.9364 -2.25 5.25 0.03 (20) 5.27 0.07 (6) +2.18 0.23 +0.22 0.07 (3) +0.37 0.09 (2) +0.62 0.12 (1) +0.91 0.00 (2)
210.0175 -2.67 4.83 0.01 (46) 4.95 0.04 (6) +0.54 0.22 +0.35 0.04 (4) +0.32 0.03 (7) +0.21 0.09 (1) +0.79 0.05 (4)
210.0316 -0.98 6.52 0.01 (93) 6.46 0.01 (16) -0.08 0.19 +0.38 0.04 (2) +0.39 0.02 (12) +0.04 0.07 (1) -0.20 0.05 (4)
210.7513 -2.12 5.38 0.02 (83) 5.42 0.04 (11) -0.30 0.22 +0.42 0.04 (4) +0.35 0.03 (12) -1.10 0.09 (1) +0.49 0.05 (4)
210.8633 -1.95 5.55 0.03 (66) 5.57 0.04 (7) +0.16 0.00 +0.20 0.12 (1) +0.07 0.06 (4) +0.46 0.12 (1) +0.63 0.12 (1)
211.2766 -1.39 6.11 0.02 (88) 6.06 0.03 (11) +0.08 0.23 +0.64 0.04 (5) +0.27 0.03 (14) +0.67 0.10 (1) +1.12 0.05 (4)
211.7184 -2.42 5.08 0.02 (79) 5.13 0.04 (11) -0.18 0.23 +0.42 0.04 (4) +0.29 0.04 (7) -0.58 0.17 (1) -0.31 0.05 (4)
212.5834 -1.79 5.71 0.03 (47) 5.65 0.07 (2) +0.59 0.00 +0.06 0.07 (2) +0.24 0.04 (8) +0.22 0.10 (1) +0.02 0.10 (1)
213.7878 -2.45 5.05 0.03 (54) 5.04 0.04 (9) +0.73 0.23 +0.71 0.06 (4) +0.38 0.04 (6) +0.43 0.10 (1) -0.69 0.10 (3)
214.5557 -2.14 5.36 0.04 (15) 5.31 0.07 (3) +2.02 0.30 +0.46 0.07 (2) -50 -50 (-50) -50 -50 (-50) +1.90 0.07 (4)
215.6129 -1.92 5.58 0.01 (86) 5.58 0.03 (11) +0.15 0.21 +0.33 0.04 (4) +0.34 0.02 (20) +0.57 0.09 (1) -0.05 0.05 (4)
215.6783 -0.35 7.15 0.02 (74) 7.22 0.02 (19) -0.01 0.20 +0.16 0.07 (2) +0.10 0.03 (11) -0.42 0.09 (1) +0.08 0.05 (3)
216.1245 -2.21 5.29 0.03 (64) 5.24 0.04 (9) +0.82 0.23 +0.28 0.07 (2) +0.34 0.07 (2) -50 -50 (-50) +0.04 0.06 (3)
217.3862 -1.97 5.53 0.03 (65) 5.58 0.04 (9) +0.51 0.23 +0.41 0.05 (4) +0.41 0.03 (11) +0.19 0.10 (1) -0.51 0.06 (3)
217.5786 -2.66 4.84 0.01 (57) 4.99 0.04 (9) +0.02 0.25 +0.47 0.06 (3) +0.38 0.04 (4) +1.50 0.09 (1) +0.35 0.06 (3)
217.6444 -1.82 5.68 0.03 (24) -50 -50 (-50) +1.27 0.00 +0.20 0.08 (3) -50 -50 (-50) -50 -50 (-50) +0.63 0.07 (1)
218.4256 -0.60 6.90 0.01 (91) 6.91 0.03 (17) +0.02 0.19 +0.25 0.07 (2) +0.41 0.03 (11) -0.01 0.17 (2) +0.01 0.06 (3)
218.4622 -2.40 5.10 0.03 (24) 5.15 0.09 (9) +0.80 0.00 -50 -50 (-50) +0.39 0.14 (2) +1.00 0.12 (1) -50 -50 (-50)
218.4977 -0.16 7.34 0.01 (50) 7.35 0.03 (18) +0.12 0.19- 0.02 0.07 (1) +0.05 0.03 (7) -0.38 0.07 (1) -0.02 0.09 (3)
223.5283 -2.30 5.20 0.01 (89) 5.32 0.03 (10) -0.39 0.21 +0.58 0.04 (4) +0.44 0.03 (10) +0.74 0.09 (1) -0.14 0.05 (4)
227.2895 -0.35 7.15 0.02 (92) 7.15 0.02 (23) +0.13 0.23 +0.20 0.10 (2) +0.29 0.03 (11) -0.04 0.09 (1) +0.21 0.05 (3)
228.4607 -2.20 5.30 0.04 (17) 5.15 0.09 (3) +1.30 0.00 +0.13 0.09 (3) -50 -50 (-50) +0.34 0.14 (1) -0.52 0.00 (1)
228.6558 -2.26 5.24 0.03 (17) 5.18 0.06 (4) +1.84 0.25 +0.42 0.12 (1) +0.28 0.07 (3) -0.21 0.12 (1) -50 -50 (-50)
228.8159 -2.02 5.48 0.02 (36) 5.55 0.05 (4) +1.39 0.25 +0.18 0.04 (4) +0.37 0.04 (5) +1.07 0.10 (1) -0.29 0.00 (1)
229.0409 -0.10 7.40 0.03 (50) 7.47 0.04 (15) -0.05 0.22 +0.04 0.07 (2) -50 -50 (-50) - 0.54 0.10 (1) +0.29 0.06 (3)
229.1219 -2.25 5.25 0.03 (19) 5.26 0.06 (6) +1.74 0.25 +0.16 0.12 (1) +0.22 0.07 (3) +0.92 0.12 (1) -50 -50 (-50)
229.8911 +0.10 7.60 0.02 (62) 7.59 0.03 (20) +0.11 0.22 +0.04 0.09 (1) +0.03 0.03 (10) -50 -50 (-50) - 0.01 0.05 (3)
230.4663 -1.15 6.35 0.02 (102) 6.35 0.04 (13) +0.13 0.23 +0.49 0.06 (4) +0.38 0.03 (12) +0.45 0.10 (1) +0.13 0.06 (3)
231.0318 -0.35 7.15 0.02 (69) 7.19 0.03 (22) -0.16 0.19 +0.10 0.06 (2) +0.17 0.03 (8) -0.39 0.09 (1) -0.06 0.08 (3)
232.6956 -2.22 5.28 0.03 (63) 5.25 0.04 (8) +0.65 0.23 +0.22 0.06 (3) +0.26 0.10 (6) -0.11 0.13 (1) +0.15 0.07 (2)
232.8039 -2.26 5.24 0.03 (54) 5.21 0.04 (7) +0.56 0.22 -50 -50 (-50) +0.15 0.06 (6) +0.15 0.10 (1) -1.17 0.07 (2)
233.5730 -2.74 4.76 0.02 (53) 4.76 0.04 (7) +0.74 0.25 +0.39 0.06 (2) +0.26 0.04 (5) +0.31 0.09 (1) -0.48 0.06 (2)
233.9312 -2.20 5.30 0.02 (50) 5.22 0.03 (7) +0.53 0.22 +0.33 0.04 (3) +0.37 0.03 (5) -50 -50 (-50) - 0.23 0.06 (3)
234.4403 -0.40 7.10 0.02 (72) 7.09 0.04 (10) +0.25 0.22 +0.33 0.10 (2) +0.32 0.04 (9) -50 -50 (-50) +0.10 0.06 (4)
235.1448 -2.54 4.96 0.04 (22) 4.72 0.05 (4) +1.29 0.00 +0.55 0.07 (2) +0.24 0.07 (4) +0.72 0.10 (1) +0.01 0.10 (1)
235.7578 -1.81 5.69 0.03 (21) 5.74 0.04 (6) +1.38 0.25 +0.12 0.07 (4) +0.32 0.03 (8) +0.99 0.09 (1) -0.42 0.00 (2)
235.9710 -1.83 5.67 0.03 (40) 5.67 0.03 (9) +1.06 0.23 +0.35 0.05 (4) +0.33 0.04 (6) +0.56 0.10 (1) -0.09 0.07 (2)
236.1077 -2.55 4.95 0.01 (77) 4.95 0.04 (9) -0.22 0.23 +0.42 0.04 (4) +0.27 0.03 (7) -0.07 0.10 (1) +0.09 0.05 (3)
236.4855 -0.27 7.23 0.01 (84) 7.27 0.02 (18) -0.07 0.22- 0.08 0.05 (3) +0.07 0.03 (12) +0.39 0.09 (1) +0.09 0.07 (3)
236.7138 -0.85 6.65 0.02 (92) 6.70 0.03 (19) -0.18 0.20 +0.34 0.06 (2) +0.32 0.02 (14) -50 -50 (-50) - 0.10 0.10 (3)
237.8246 -3.23 4.27 0.04 (16) 4.16 0.07 (3) +0.58 0.00 +0.66 0.07 (3) +0.34 0.07 (3) +0.05 0.13 (1) +0.37 0.07 (3)
237.8353 -2.32 5.18 0.02 (58) 5.18 0.04 (8) +0.35 0.23 +0.35 0.05 (2) +0.30 0.03 (10) -0.09 0.12 (1) -0.07 0.05 (3)
237.9609 -1.90 5.60 0.03 (46) 5.59 0.07 (8) +0.76 0.00 +0.26 0.07 (3) +0.26 0.07 (3) +0.28 0.13 (1) -0.08 0.13 (1)
238.7217 -2.06 5.44 0.03 (19) 5.15 0.09 (5) +0.59 0.00 -0.21 0.07 (2) +0.01 0.10 (1) -50 -50 (-50) -0.32 0.00 (1)
240.0348 -2.30 5.20 0.02 (85) 5.27 0.03 (12) +0.12 0.22 +0.43 0.04 (5) +0.39 0.03 (6) +0.46 0.07 (1) -0.12 0.05 (4)
240.4216 -2.98 4.52 0.02 (27) 4.53 0.05 (5) +0.74 0.25 +0.27 0.06 (3) +0.30 0.04 (4) +0.77 0.08 (1) +0.84 0.07 (4)
241.1186 -1.92 5.58 0.03 (32) 5.59 0.06 (5) +1.14 0.00 +0.13 0.12 (1) +0.24 0.08 (2) +0.16 0.12 (1) -0.48 0.12 (1)
241.7900 -2.51 4.99 0.04 (15) 4.65 0.20 (3) +2.38 0.00 +0.30 0.12 (2) +0.33 0.07 (6) +0.12 0.18 (1) +0.13 (1)
242.3556 -1.95 5.55 0.03 (22) 5.43 0.07 (5) +1.13 0.00 +0.01 0.15 (1) +0.17 0.00 (4) -0.08 0.15 (1) -0.82 (2)
243.8390 -1.95 5.55 0.03 (52) 5.49 0.06 (10) +0.15 0.00 +0.43 0.09 (3) +0.39 0.04 (5) +0.72 0.09 (1) +0.39 0.09 (1)
244.4872 -2.10 5.40 0.07 (10) 5.34 0.10 (5) +0.83 0.30 -50 -50 (-50) -50 -50 (-50) -50 -50 (-50) +0.03 0.00 (2)
245.1096 -0.35 7.15 0.01 (69) 7.14 0.03 (15) -0.02 0.20 +0.06 0.06 (2) +0.16 0.03 (10) +0.21 0.07 (1) -0.06 0.05 (4)
245.4387 -1.67 5.83 0.03 (44) 5.74 0.04 (9) +0.94 0.00 +0.08 0.12 (3) +0.26 0.03 (9) +1.05 0.07 (1) -0.32 0.07 (2)
245.5747 -3.17 4.33 0.03 (10) 4.17 0.07 (2) +1.26 0.25 +0.45 0.06 (2) -50 -50 (-50) - 0.11 0.07 (1) -50 -50 (-50)
245.8364 -3.06 4.44 0.02 (26) 4.49 0.06 (3) +0.63 0.23 +0.58 0.05 (4) +0.44 0.05 (4) +0.38 0.10 (1) -0.50 0.07 (2)
246.8588 -2.25 5.25 0.02 (78) 5.27 0.04 (10) -0.18 0.23 +0.44 0.06 (3) +0.42 0.04 (6) +0.13 0.10 (1) -0.03 0.05 (4)
248.4394 -1.72 5.78 0.01 (51) 5.75 0.04 (8) +0.61 0.22 +0.23 0.11 (3) +0.35 0.03 (7) +0.53 0.06 (1) +0.11 0.05 (3)
248.4959 -2.63 4.87 0.02 (58) 4.88 0.06 (6) +0.02 0.25 +0.33 0.05 (3) +0.30 0.03 (7) -0.31 0.09 (1) -0.31 0.05 (3)
248.5263 -2.07 5.43 0.03 (49) 5.36 0.04 (4) +0.25 0.30 +0.47 0.05 (3) +0.30 0.04 (4) +0.24 0.09 (1) -0.09 0.00 (4)
250.6971 -2.66 4.84 0.03 (58) 4.99 0.04 (8) -0.01 0.00 +0.36 0.09 (3) +0.23 0.06 (2) +0.84 0.09 (1) -0.25 0.05 (3)
250.8797 +0.05 7.55 0.01 (65) 7.55 0.02 (18) -0.06 0.20- 0.08 0.06 (2) +0.05 0.03 (8) -0.19 0.09 (1) -0.09 0.05 (3)
251.4082 -3.22 4.28 0.02 (31) 4.20 0.05 (4) +0.58 0.25 +0.14 0.07 (2) +0.10 0.10 (1) +1.20 0.00 (1) -0.68 0.06 (3)
252.1648 -2.43 5.07 0.01 (69) 5.18 0.05 (3) -0.06 0.23 +0.31 0.04 (4) +0.29 0.04 (7) -0.73 0.09 (1) -0.72 0.05 (4)
252.4208 -1.30 6.20 0.01 (96) 6.24 0.03 (16) +0.02 0.22 +0.56 0.06 (4) +0.35 0.03 (13) +0.03 0.09 (1) +0.05 0.05 (4)
252.4917 -0.60 6.90 0.01 (86) 6.99 0.02 (14) -0.07 0.24 +0.22 0.04 (4) +0.10 0.02 (14) +0.17 0.07 (1) -0.20 0.05 (4)
252.6179 -2.52 4.98 0.01 (72) 5.07 0.03 (8) +0.34 0.22 +0.57 0.04 (4) +0.47 0.03 (9) +0.69 0.07 (1) -0.09 0.05 (4)
253.8582 -2.58 4.92 0.03 (44) 4.94 0.04 (5) +0.55 0.00 +0.47 0.06 (3) +0.17 0.04 (5) -1.16 0.00 (1) -0.31 0.06 (3)
254.0662 -0.56 6.94 0.02 (92) 7.01 0.02 (21) +0.03 0.19 +0.28 0.04 (4) +0.27 0.02 (13) -0.02 0.07 (1) +0.02 0.05 (4)
254.5215 -0.09 7.41 0.01 (66) 7.41 0.01 (19) +0.07 0.18- 0.07 0.05 (2) +0.09 0.02 (10) -0.36 0.07 (1) +0.12 0.06 (4)
254.5478 -2.15 5.35 0.02 (64) 5.33 0.04 (9) +0.22 0.21 +0.23 0.04 (4) +0.26 0.04 (6) +0.12 0.09 (1) +0.23 0.05 (4)
254.7768 -0.35 7.15 0.01 (75) 7.12 0.01 (20) +0.14 0.20 +0.07 0.05 (2) +0.18 0.02 (11) -0.09 0.07 (1) -0.13 0.05 (3)
255.2679 -2.09 5.41 0.03 (33) 5.34 0.07 (7) +1.42 0.00 +0.11 0.08 (3) +0.17 0.08 (3) -50 -50 (-50) -0.49 0.00 (1)
255.5564 -2.55 4.95 0.03 (33) 5.12 0.06 (4) +0.56 0.25 +0.61 0.07 (1) -50 -50 (-50) +0.50 0.07 (1) +0.59 0.06 (2)
255.8043 -2.99 4.51 0.05 (9) 4.58 0.09 (3) +1.23 0.30 +0.63 0.09 (3) +0.74 0.09 (3) -0.54 0.14 (1) -0.45 0.00 (2)
