# Venn et al. (2020)
# https://ui.adsabs.harvard.edu/abs/2020MNRAS.492.3241V/abstract
# Light element abundances of 28 metal-poor stars (labelled by RASDSS), plus HD122563.
# Note when the number of lines NX < 4, for species X, then σ(X) = σ(FeI)/ NX.
# Columns indicate:
# (0) Star identifier
# (1) [Fe/H]
# (2) error(Fe/H)
# (3) [Mg/Fe]
# (4) error(Mg/Fe)
#--------------------------------------------------------------
180.2206     -2.92     0.03       0.30  0.11        
181.2243     -3.11     0.07       0.67  0.13       
181.4395     -2.52     0.02       0.26  0.11        
183.6849     -3.16     0.07       0.13  0.14        
189.9449     -2.78     0.04       0.17  0.08       
193.8390     -2.80     0.02       0.37  0.12        
196.3755     -2.80     0.02       0.29  0.11        
198.5486     -2.47     0.05       0.25  0.09        
201.8711     -2.93     0.11      -0.05  0.11       
203.2831     -2.74     0.02       0.02  0.13       
204.9008     -2.73     0.08      -0.12  0.13       
208.0798     -2.94     0.03       0.09  0.08        
210.0166     -2.59     0.02       0.18  0.11        
213.7879     -2.59     0.02       0.33  0.11        
214.5556     -2.51     0.05       0.36  0.09        
217.5786     -2.61     0.02       0.22  0.11        
229.1219     -2.52     0.04       0.22  0.09       
233.5730     -2.75     0.02       0.24  0.12        
235.1449     -2.69     0.04       0.09  0.11       
237.8246     -3.29     0.04       0.04  0.11       
240.4216     -2.95     0.03       0.14  0.12        
245.5747     -3.14     0.04       0.14  0.14       
245.8356     -2.78     0.03       0.29  0.11
248.4959     -2.59     0.02       0.14  0.10        
250.6963     -2.55     0.03       0.11  0.12        
251.4082     -3.27     0.03      -0.20  0.13       
253.8582     -2.72     0.02       0.23  0.12        
255.5555     -2.83     0.03       0.29  0.11        
HD122563     -2.76     0.01       0.18  0.09        
